438.0000 226.0000 930.0000 229.0000 939.0000 418.0000 435.0000 415.0000 
438.0000 227.0000 930.0000 230.0000 939.0000 419.0000 435.0000 416.0000 
0.0000 0.0000 0.0000 0.0000 0.0000 0.0000 0.0000 0.0000 
438.0099 227.9690 931.0397 231.9828 937.1566 420.6096 436.0495 418.0126 
0.0000 0.0000 0.0000 0.0000 0.0000 0.0000 0.0000 0.0000 
429.6759 230.4384 926.0098 230.5432 934.8666 419.2833 433.1696 419.3022 
0.0000 0.0000 0.0000 0.0000 0.0000 0.0000 0.0000 0.0000 
431.5483 233.6796 919.1104 232.7383 929.1164 420.0672 424.8945 423.1115 
0.0000 0.0000 0.0000 0.0000 0.0000 0.0000 0.0000 0.0000 
426.7428 239.4285 915.7370 235.4289 925.0126 422.5789 422.4407 426.1222 
0.0000 0.0000 0.0000 0.0000 0.0000 0.0000 0.0000 0.0000 
423.7811 242.7326 911.1469 238.5326 922.5426 425.7775 420.4025 430.5761 
0.0000 0.0000 0.0000 0.0000 0.0000 0.0000 0.0000 0.0000 
420.3383 245.8435 906.8583 241.7212 919.1309 428.9306 416.9805 433.9640 
0.0000 0.0000 0.0000 0.0000 0.0000 0.0000 0.0000 0.0000 
420.3383 245.8435 906.8583 241.7212 919.1309 428.9306 416.9805 433.9640 
0.0000 0.0000 0.0000 0.0000 0.0000 0.0000 0.0000 0.0000 
423.3383 239.8435 920.3583 237.2212 928.1309 425.9306 415.4805 430.9640 
0.0000 0.0000 0.0000 0.0000 0.0000 0.0000 0.0000 0.0000 
457.8383 236.8435 953.3583 229.7212 961.1309 418.4306 454.4805 424.9640 
0.0000 0.0000 0.0000 0.0000 0.0000 0.0000 0.0000 0.0000 
471.3383 236.8435 969.8583 234.2212 977.6309 422.9306 467.9805 426.4640 
0.0000 0.0000 0.0000 0.0000 0.0000 0.0000 0.0000 0.0000 
464.3951 247.0371 952.0717 245.9008 960.5209 435.1759 457.9111 434.8542 
0.0000 0.0000 0.0000 0.0000 0.0000 0.0000 0.0000 0.0000 
467.3951 275.5371 958.0717 272.9008 966.5209 465.1759 460.9111 463.3542 
0.0000 0.0000 0.0000 0.0000 0.0000 0.0000 0.0000 0.0000 
455.3951 277.0371 946.0717 271.4008 956.0209 465.1759 451.9111 467.8542 
0.0000 0.0000 0.0000 0.0000 0.0000 0.0000 0.0000 0.0000 
446.3951 283.0371 934.0717 266.9008 945.5209 457.6759 444.4111 472.3542 
0.0000 0.0000 0.0000 0.0000 0.0000 0.0000 0.0000 0.0000 
443.3951 232.0371 929.5000 168.0000 962.5000 350.5000 463.5000 419.5000 
0.0000 0.0000 0.0000 0.0000 0.0000 0.0000 0.0000 0.0000 
459.0000 160.0000 933.0000 73.0000 972.0000 259.0000 489.0000 349.0000 
0.0000 0.0000 0.0000 0.0000 0.0000 0.0000 0.0000 0.0000 
435.0000 138.0000 909.0000 19.0000 951.0000 210.0000 474.0000 322.0000 
0.0000 0.0000 0.0000 0.0000 0.0000 0.0000 0.0000 0.0000 
418.5000 199.5000 894.0000 86.5000 934.5000 285.0000 448.5000 379.5000 
0.0000 0.0000 0.0000 0.0000 0.0000 0.0000 0.0000 0.0000 
380.5000 235.0000 840.0000 135.0000 886.0000 313.0000 415.0000 415.5000 
0.0000 0.0000 0.0000 0.0000 0.0000 0.0000 0.0000 0.0000 
385.0000 253.0000 841.5000 156.0000 881.5000 334.0000 412.0000 430.5000 
0.0000 0.0000 0.0000 0.0000 0.0000 0.0000 0.0000 0.0000 
346.0000 271.5000 803.5000 202.5000 837.0000 378.0000 367.0000 453.0000 
0.0000 0.0000 0.0000 0.0000 0.0000 0.0000 0.0000 0.0000 
379.0000 247.0000 835.0000 186.0000 859.0000 358.0000 400.0000 423.0000 
0.0000 0.0000 0.0000 0.0000 0.0000 0.0000 0.0000 0.0000 
418.0000 219.0000 870.0000 183.0000 891.0000 357.0000 427.0000 394.5000 
0.0000 0.0000 0.0000 0.0000 0.0000 0.0000 0.0000 0.0000 
427.0000 196.0000 885.0000 183.0000 892.0000 361.0000 427.5000 372.0000 
0.0000 0.0000 0.0000 0.0000 0.0000 0.0000 0.0000 0.0000 
451.0000 195.0000 909.0000 198.0000 910.0000 375.0000 444.0000 369.0000 
0.0000 0.0000 0.0000 0.0000 0.0000 0.0000 0.0000 0.0000 
460.5000 176.5000 913.5000 181.0000 915.0000 361.0000 453.0000 351.0000 
0.0000 0.0000 0.0000 0.0000 0.0000 0.0000 0.0000 0.0000 
447.4967 174.2984 900.4560 178.4949 900.6857 352.5237 438.8719 347.4011 
0.0000 0.0000 0.0000 0.0000 0.0000 0.0000 0.0000 0.0000 
447.0000 168.0000 901.0000 166.0000 906.0000 345.0000 445.0000 342.0000 
0.0000 0.0000 0.0000 0.0000 0.0000 0.0000 0.0000 0.0000 
453.0000 157.0000 904.0000 127.0000 913.0000 306.0000 457.0000 328.0000 
0.0000 0.0000 0.0000 0.0000 0.0000 0.0000 0.0000 0.0000 
420.0000 160.0000 890.5000 116.5000 910.0000 291.0000 433.0000 337.0000 
0.0000 0.0000 0.0000 0.0000 0.0000 0.0000 0.0000 0.0000 
365.5000 160.0000 829.0000 94.5000 853.0000 268.5000 385.0000 332.5000 
0.0000 0.0000 0.0000 0.0000 0.0000 0.0000 0.0000 0.0000 
352.5000 145.5000 813.0000 45.0000 850.0000 220.0000 397.0000 316.0000 
0.0000 0.0000 0.0000 0.0000 0.0000 0.0000 0.0000 0.0000 
370.5000 136.5000 828.0000 36.0000 868.0000 212.5000 404.5000 313.0000 
0.0000 0.0000 0.0000 0.0000 0.0000 0.0000 0.0000 0.0000 
309.0000 133.5000 783.0000 40.5000 815.5000 217.0000 340.0000 307.5000 
0.0000 0.0000 0.0000 0.0000 0.0000 0.0000 0.0000 0.0000 
268.0000 124.0000 735.0000 42.0000 772.0000 225.0000 300.0000 313.0000 
0.0000 0.0000 0.0000 0.0000 0.0000 0.0000 0.0000 0.0000 
283.0000 179.5000 748.5000 109.5000 782.5000 300.0000 313.5000 370.5000 
0.0000 0.0000 0.0000 0.0000 0.0000 0.0000 0.0000 0.0000 
333.0000 251.5000 797.5000 223.5000 816.0000 406.5000 349.5000 440.5000 
0.0000 0.0000 0.0000 0.0000 0.0000 0.0000 0.0000 0.0000 
387.0000 288.0000 841.0000 294.0000 855.0000 483.0000 372.0000 468.0000 
0.0000 0.0000 0.0000 0.0000 0.0000 0.0000 0.0000 0.0000 
409.5000 322.0000 871.0000 351.0000 874.0000 531.0000 394.0000 504.0000 
0.0000 0.0000 0.0000 0.0000 0.0000 0.0000 0.0000 0.0000 
445.0000 337.0000 903.0000 361.0000 909.0000 547.0000 424.0000 517.0000 
0.0000 0.0000 0.0000 0.0000 0.0000 0.0000 0.0000 0.0000 
440.5000 332.5000 904.5000 353.5000 910.5000 532.0000 427.0000 515.5000 
0.0000 0.0000 0.0000 0.0000 0.0000 0.0000 0.0000 0.0000 
437.5000 323.5000 904.5000 344.5000 910.5000 520.0000 427.0000 506.5000 
0.0000 0.0000 0.0000 0.0000 0.0000 0.0000 0.0000 0.0000 
393.0000 284.5000 863.5000 307.0000 865.0000 491.5000 385.0000 468.0000 
0.0000 0.0000 0.0000 0.0000 0.0000 0.0000 0.0000 0.0000 
372.0000 264.0000 844.0000 289.0000 844.0000 465.0000 358.0000 445.0000 
0.0000 0.0000 0.0000 0.0000 0.0000 0.0000 0.0000 0.0000 
354.0000 246.0000 826.0000 279.0000 825.0000 452.5000 339.0000 433.5000 
0.0000 0.0000 0.0000 0.0000 0.0000 0.0000 0.0000 0.0000 
342.0000 238.5000 818.5000 274.5000 822.0000 449.5000 324.0000 427.5000 
0.0000 0.0000 0.0000 0.0000 0.0000 0.0000 0.0000 0.0000 
334.0000 220.0000 814.0000 253.0000 819.0000 436.0000 318.0000 409.0000 
0.0000 0.0000 0.0000 0.0000 0.0000 0.0000 0.0000 0.0000 
337.0000 214.0000 818.5000 250.0000 819.0000 433.0000 318.0000 406.0000 
0.0000 0.0000 0.0000 0.0000 0.0000 0.0000 0.0000 0.0000 
337.0000 211.0000 823.0000 245.5000 822.0000 430.0000 321.0000 406.0000 
0.0000 0.0000 0.0000 0.0000 0.0000 0.0000 0.0000 0.0000 
349.0000 212.5000 841.0000 241.0000 846.0000 425.5000 339.0000 409.0000 
0.0000 0.0000 0.0000 0.0000 0.0000 0.0000 0.0000 0.0000 
373.0000 214.0000 862.0000 239.5000 865.5000 425.5000 361.5000 412.0000 
0.0000 0.0000 0.0000 0.0000 0.0000 0.0000 0.0000 0.0000 
387.0000 213.0000 880.0000 237.0000 885.0000 424.0000 376.0000 408.0000 
0.0000 0.0000 0.0000 0.0000 0.0000 0.0000 0.0000 0.0000 
405.0000 213.0000 898.0000 234.0000 907.0000 426.0000 397.0000 409.0000 
0.0000 0.0000 0.0000 0.0000 0.0000 0.0000 0.0000 0.0000 
414.0000 216.0000 914.5000 234.0000 925.0000 424.5000 401.5000 412.0000 
0.0000 0.0000 0.0000 0.0000 0.0000 0.0000 0.0000 0.0000 
421.5000 210.0000 922.0000 235.0000 931.0000 429.0000 412.0000 413.5000 
0.0000 0.0000 0.0000 0.0000 0.0000 0.0000 0.0000 0.0000 
420.0000 208.0000 924.0000 234.0000 937.0000 427.0000 418.5000 418.5000 
0.0000 0.0000 0.0000 0.0000 0.0000 0.0000 0.0000 0.0000 
411.0000 208.0000 924.0000 234.0000 937.0000 427.0000 408.0000 418.5000 
0.0000 0.0000 0.0000 0.0000 0.0000 0.0000 0.0000 0.0000 
399.0000 217.0000 898.0000 226.0000 913.0000 420.0000 394.0000 425.5000 
0.0000 0.0000 0.0000 0.0000 0.0000 0.0000 0.0000 0.0000 
370.5000 209.5000 878.5000 218.5000 896.5000 409.5000 367.0000 422.5000 
0.0000 0.0000 0.0000 0.0000 0.0000 0.0000 0.0000 0.0000 
327.0000 201.0000 840.0000 187.0000 855.0000 378.0000 341.5000 409.0000 
0.0000 0.0000 0.0000 0.0000 0.0000 0.0000 0.0000 0.0000 
229.5000 207.0000 773.5000 145.5000 811.0000 335.5000 262.5000 411.0000 
0.0000 0.0000 0.0000 0.0000 0.0000 0.0000 0.0000 0.0000 
202.0000 228.0000 721.0000 124.0000 780.0000 309.0000 250.0000 437.5000 
0.0000 0.0000 0.0000 0.0000 0.0000 0.0000 0.0000 0.0000 
176.5000 265.0000 685.0000 102.0000 771.0000 276.0000 264.0000 472.5000 
0.0000 0.0000 0.0000 0.0000 0.0000 0.0000 0.0000 0.0000 
154.0000 312.0000 654.0000 90.0000 750.0000 259.5000 265.5000 522.0000 
0.0000 0.0000 0.0000 0.0000 0.0000 0.0000 0.0000 0.0000 
131.5000 370.0000 602.5000 81.0000 727.0000 239.5000 283.5000 562.5000 
0.0000 0.0000 0.0000 0.0000 0.0000 0.0000 0.0000 0.0000 
160.0000 439.0000 573.0000 88.0000 717.0000 225.0000 331.0000 601.0000 
0.0000 0.0000 0.0000 0.0000 0.0000 0.0000 0.0000 0.0000 
173.5000 506.5000 547.5000 91.5000 706.0000 209.5000 364.0000 647.5000 
0.0000 0.0000 0.0000 0.0000 0.0000 0.0000 0.0000 0.0000 
196.5000 540.0000 530.5000 106.5000 702.0000 204.0000 399.0000 673.5000 
0.0000 0.0000 0.0000 0.0000 0.0000 0.0000 0.0000 0.0000 
205.5000 600.0000 518.5000 120.0000 706.0000 211.0000 421.0000 712.5000 
0.0000 0.0000 0.0000 0.0000 0.0000 0.0000 0.0000 0.0000 
246.0000 676.5000 542.5000 199.0000 733.5000 292.0000 424.5000 788.5000 
0.0000 0.0000 0.0000 0.0000 0.0000 0.0000 0.0000 0.0000 
283.0000 669.0000 610.0000 231.0000 786.0000 327.0000 480.0000 801.0000 
0.0000 0.0000 0.0000 0.0000 0.0000 0.0000 0.0000 0.0000 
265.0000 667.0000 677.5000 283.0000 832.0000 408.0000 436.5000 830.5000 
0.0000 0.0000 0.0000 0.0000 0.0000 0.0000 0.0000 0.0000 
211.5000 646.5000 669.0000 328.5000 812.5000 477.0000 374.5000 834.0000 
0.0000 0.0000 0.0000 0.0000 0.0000 0.0000 0.0000 0.0000 
169.5000 619.0000 679.0000 372.0000 790.0000 532.0000 299.5000 844.0000 
0.0000 0.0000 0.0000 0.0000 0.0000 0.0000 0.0000 0.0000 
97.0000 568.0000 642.0000 391.5000 734.5000 571.5000 178.5000 799.5000 
0.0000 0.0000 0.0000 0.0000 0.0000 0.0000 0.0000 0.0000 
8.5000 500.5000 580.0000 385.0000 650.5000 573.0000 55.0000 772.5000 
0.0000 0.0000 0.0000 0.0000 0.0000 0.0000 0.0000 0.0000 
-72.0000 431.5000 507.0000 364.0000 558.0000 555.0000 -4.5000 682.0000 
0.0000 0.0000 0.0000 0.0000 0.0000 0.0000 0.0000 0.0000 
-150.0000 393.0000 469.5000 373.0000 513.0000 561.0000 -100.5000 671.5000 
0.0000 0.0000 0.0000 0.0000 0.0000 0.0000 0.0000 0.0000 
-94.5000 390.0000 481.0000 394.0000 517.0000 592.5000 -73.5000 671.5000 
0.0000 0.0000 0.0000 0.0000 0.0000 0.0000 0.0000 0.0000 
-87.0000 411.0000 483.0000 426.0000 513.0000 629.5000 -64.0000 676.5000 
0.0000 0.0000 0.0000 0.0000 0.0000 0.0000 0.0000 0.0000 
-15.0000 417.0000 540.0000 442.0000 571.0000 639.0000 8.0000 682.0000 
0.0000 0.0000 0.0000 0.0000 0.0000 0.0000 0.0000 0.0000 
28.0000 426.0000 565.0000 441.0000 603.0000 628.0000 48.0000 681.0000 
0.0000 0.0000 0.0000 0.0000 0.0000 0.0000 0.0000 0.0000 
85.5000 431.5000 608.5000 442.0000 647.5000 633.0000 109.5000 678.0000 
0.0000 0.0000 0.0000 0.0000 0.0000 0.0000 0.0000 0.0000 
130.5000 430.0000 637.0000 439.0000 676.0000 625.5000 147.0000 675.0000 
0.0000 0.0000 0.0000 0.0000 0.0000 0.0000 0.0000 0.0000 
159.0000 418.0000 674.5000 425.5000 716.5000 615.0000 184.5000 669.0000 
0.0000 0.0000 0.0000 0.0000 0.0000 0.0000 0.0000 0.0000 
194.5000 403.0000 702.0000 409.0000 742.0000 586.0000 211.0000 649.0000 
0.0000 0.0000 0.0000 0.0000 0.0000 0.0000 0.0000 0.0000 
259.5000 388.0000 730.0000 386.5000 772.0000 574.0000 293.5000 620.5000 
0.0000 0.0000 0.0000 0.0000 0.0000 0.0000 0.0000 0.0000 
280.0000 385.5000 763.0000 366.0000 808.0000 551.5000 328.0000 607.0000 
0.0000 0.0000 0.0000 0.0000 0.0000 0.0000 0.0000 0.0000 
327.0000 360.0000 811.0000 342.0000 862.5000 526.5000 373.5000 583.0000 
0.0000 0.0000 0.0000 0.0000 0.0000 0.0000 0.0000 0.0000 
342.0000 344.5000 831.0000 316.0000 883.0000 501.0000 385.0000 577.0000 
0.0000 0.0000 0.0000 0.0000 0.0000 0.0000 0.0000 0.0000 
354.0000 328.0000 844.0000 271.5000 901.0000 451.5000 405.0000 556.0000 
0.0000 0.0000 0.0000 0.0000 0.0000 0.0000 0.0000 0.0000 
376.0000 325.0000 862.5000 232.0000 940.0000 406.0000 440.5000 549.0000 
0.0000 0.0000 0.0000 0.0000 0.0000 0.0000 0.0000 0.0000 
373.0000 336.0000 859.5000 193.0000 948.0000 366.0000 457.0000 550.0000 
0.0000 0.0000 0.0000 0.0000 0.0000 0.0000 0.0000 0.0000 
376.0000 360.0000 840.0000 145.0000 958.5000 309.0000 493.0000 560.5000 
0.0000 0.0000 0.0000 0.0000 0.0000 0.0000 0.0000 0.0000 
418.0000 367.0000 846.0000 79.0000 982.5000 222.0000 558.0000 541.0000 
0.0000 0.0000 0.0000 0.0000 0.0000 0.0000 0.0000 0.0000 
419.5000 365.5000 806.5000 16.5000 969.0000 142.0000 582.0000 520.0000 
0.0000 0.0000 0.0000 0.0000 0.0000 0.0000 0.0000 0.0000 
349.0000 340.0000 705.0000 -84.0000 887.5000 37.0000 532.0000 480.0000 
0.0000 0.0000 0.0000 0.0000 0.0000 0.0000 0.0000 0.0000 
253.0000 357.0000 579.0000 -136.0000 789.0000 -35.0000 468.0000 459.0000 
0.0000 0.0000 0.0000 0.0000 0.0000 0.0000 0.0000 0.0000 
187.0000 402.0000 427.0000 -89.5000 642.0000 -37.0000 408.0000 499.0000 
0.0000 0.0000 0.0000 0.0000 0.0000 0.0000 0.0000 0.0000 
175.0000 438.0000 388.0000 -75.0000 610.0000 -24.0000 403.0000 508.5000 
0.0000 0.0000 0.0000 0.0000 0.0000 0.0000 0.0000 0.0000 
175.0000 442.5000 391.0000 -87.0000 604.0000 -25.5000 400.0000 519.0000 
0.0000 0.0000 0.0000 0.0000 0.0000 0.0000 0.0000 0.0000 
195.0000 448.0000 423.0000 -61.5000 618.0000 28.0000 405.0000 537.0000 
0.0000 0.0000 0.0000 0.0000 0.0000 0.0000 0.0000 0.0000 
250.0000 391.0000 531.0000 -43.0000 727.5000 54.0000 435.0000 499.0000 
0.0000 0.0000 0.0000 0.0000 0.0000 0.0000 0.0000 0.0000 
249.0000 318.0000 646.5000 -48.0000 790.0000 91.0000 400.0000 469.5000 
0.0000 0.0000 0.0000 0.0000 0.0000 0.0000 0.0000 0.0000 
214.0000 246.0000 679.5000 -7.0000 792.0000 162.0000 332.5000 432.0000 
0.0000 0.0000 0.0000 0.0000 0.0000 0.0000 0.0000 0.0000 
274.0000 207.0000 772.0000 53.5000 847.0000 252.0000 348.0000 409.0000 
0.0000 0.0000 0.0000 0.0000 0.0000 0.0000 0.0000 0.0000 
306.0000 184.0000 816.0000 120.0000 850.0000 307.0000 340.0000 391.0000 
0.0000 0.0000 0.0000 0.0000 0.0000 0.0000 0.0000 0.0000 
291.0000 165.0000 807.0000 144.0000 835.0000 339.0000 316.0000 372.0000 
0.0000 0.0000 0.0000 0.0000 0.0000 0.0000 0.0000 0.0000 
324.0000 184.0000 828.0000 196.0000 843.0000 385.0000 328.0000 394.0000 
0.0000 0.0000 0.0000 0.0000 0.0000 0.0000 0.0000 0.0000 
339.0000 205.0000 843.0000 227.5000 852.0000 421.0000 337.0000 407.5000 
0.0000 0.0000 0.0000 0.0000 0.0000 0.0000 0.0000 0.0000 
346.0000 222.0000 844.0000 238.0000 855.0000 430.0000 340.0000 436.0000 
0.0000 0.0000 0.0000 0.0000 0.0000 0.0000 0.0000 0.0000 
356.5000 222.0000 846.0000 247.0000 861.0000 438.0000 349.5000 429.0000 
0.0000 0.0000 0.0000 0.0000 0.0000 0.0000 0.0000 0.0000 
372.0000 243.0000 856.0000 259.0000 867.0000 442.0000 357.0000 441.0000 
0.0000 0.0000 0.0000 0.0000 0.0000 0.0000 0.0000 0.0000 
421.5000 252.0000 907.0000 268.0000 913.0000 451.0000 409.5000 446.5000 
0.0000 0.0000 0.0000 0.0000 0.0000 0.0000 0.0000 0.0000 
463.0000 244.0000 967.0000 255.0000 972.0000 442.0000 463.0000 439.0000 
0.0000 0.0000 0.0000 0.0000 0.0000 0.0000 0.0000 0.0000 
502.0000 247.0000 994.5000 252.0000 1002.0000 439.0000 505.0000 435.0000 
0.0000 0.0000 0.0000 0.0000 0.0000 0.0000 0.0000 0.0000 
519.0000 258.0000 1003.0000 249.0000 1023.0000 445.0000 519.0000 457.0000 
0.0000 0.0000 0.0000 0.0000 0.0000 0.0000 0.0000 0.0000 
526.0000 325.5000 1015.0000 301.0000 1036.0000 504.0000 528.0000 532.5000 
0.0000 0.0000 0.0000 0.0000 0.0000 0.0000 0.0000 0.0000 
471.0000 375.0000 958.0000 364.0000 969.0000 553.0000 459.0000 567.0000 
0.0000 0.0000 0.0000 0.0000 0.0000 0.0000 0.0000 0.0000 
423.0000 327.0000 902.5000 294.0000 926.5000 486.0000 431.5000 527.5000 
0.0000 0.0000 0.0000 0.0000 0.0000 0.0000 0.0000 0.0000 
446.5000 257.5000 919.0000 169.0000 967.0000 348.0000 483.0000 442.0000 
0.0000 0.0000 0.0000 0.0000 0.0000 0.0000 0.0000 0.0000 
406.0000 259.0000 888.0000 148.0000 943.0000 325.5000 446.5000 445.5000 
0.0000 0.0000 0.0000 0.0000 0.0000 0.0000 0.0000 0.0000 
336.0000 231.0000 786.0000 75.0000 865.0000 241.0000 399.0000 405.0000 
0.0000 0.0000 0.0000 0.0000 0.0000 0.0000 0.0000 0.0000 
422.5000 243.0000 853.5000 46.0000 936.0000 216.0000 502.5000 415.0000 
0.0000 0.0000 0.0000 0.0000 0.0000 0.0000 0.0000 0.0000 
378.0000 289.5000 815.5000 61.0000 902.5000 223.0000 463.5000 452.5000 
0.0000 0.0000 0.0000 0.0000 0.0000 0.0000 0.0000 0.0000 
333.0000 325.0000 723.0000 64.0000 828.0000 214.0000 438.0000 481.0000 
0.0000 0.0000 0.0000 0.0000 0.0000 0.0000 0.0000 0.0000 
331.0000 390.0000 701.5000 91.0000 817.0000 229.5000 450.0000 532.0000 
0.0000 0.0000 0.0000 0.0000 0.0000 0.0000 0.0000 0.0000 
307.0000 414.0000 652.0000 93.0000 776.5000 217.5000 430.0000 550.0000 
0.0000 0.0000 0.0000 0.0000 0.0000 0.0000 0.0000 0.0000 
319.0000 430.0000 628.0000 90.0000 768.0000 208.0000 450.0000 556.0000 
0.0000 0.0000 0.0000 0.0000 0.0000 0.0000 0.0000 0.0000 
306.0000 457.0000 612.0000 115.0000 750.0000 229.0000 441.0000 585.0000 
0.0000 0.0000 0.0000 0.0000 0.0000 0.0000 0.0000 0.0000 
316.0000 469.0000 600.0000 109.0000 742.0000 219.0000 456.0000 583.0000 
0.0000 0.0000 0.0000 0.0000 0.0000 0.0000 0.0000 0.0000 
334.0000 465.0000 577.0000 79.0000 729.0000 171.0000 483.0000 564.0000 
0.0000 0.0000 0.0000 0.0000 0.0000 0.0000 0.0000 0.0000 
314.5000 499.5000 557.5000 100.5000 708.0000 186.0000 466.5000 596.5000 
0.0000 0.0000 0.0000 0.0000 0.0000 0.0000 0.0000 0.0000 
295.0000 517.0000 558.0000 126.0000 705.0000 223.0000 436.0000 622.0000 
0.0000 0.0000 0.0000 0.0000 0.0000 0.0000 0.0000 0.0000 
240.0000 565.5000 525.0000 190.0000 664.0000 297.0000 382.0000 678.0000 
0.0000 0.0000 0.0000 0.0000 0.0000 0.0000 0.0000 0.0000 
202.0000 574.0000 541.0000 232.0000 670.0000 352.0000 327.0000 711.0000 
0.0000 0.0000 0.0000 0.0000 0.0000 0.0000 0.0000 0.0000 
169.0000 505.0000 549.0000 235.0000 660.0000 379.0000 273.0000 661.0000 
0.0000 0.0000 0.0000 0.0000 0.0000 0.0000 0.0000 0.0000 
210.0000 394.0000 634.5000 206.5000 712.0000 362.5000 283.5000 568.5000 
0.0000 0.0000 0.0000 0.0000 0.0000 0.0000 0.0000 0.0000 
198.0000 262.0000 655.0000 154.0000 705.0000 328.0000 243.0000 456.0000 
0.0000 0.0000 0.0000 0.0000 0.0000 0.0000 0.0000 0.0000 
232.0000 202.0000 699.0000 152.5000 723.0000 342.0000 243.0000 391.0000 
0.0000 0.0000 0.0000 0.0000 0.0000 0.0000 0.0000 0.0000 
204.0000 364.0000 690.0000 357.0000 694.0000 511.0000 201.0000 540.0000 
0.0000 0.0000 0.0000 0.0000 0.0000 0.0000 0.0000 0.0000 
169.0000 273.0000 648.0000 198.0000 676.0000 358.0000 187.0000 445.5000 
0.0000 0.0000 0.0000 0.0000 0.0000 0.0000 0.0000 0.0000 
310.0000 246.0000 751.0000 210.0000 766.0000 366.0000 311.5000 412.0000 
0.0000 0.0000 0.0000 0.0000 0.0000 0.0000 0.0000 0.0000 
259.0000 247.5000 701.5000 123.0000 755.5000 288.0000 304.0000 421.0000 
0.0000 0.0000 0.0000 0.0000 0.0000 0.0000 0.0000 0.0000 
370.5000 294.0000 834.0000 226.0000 861.0000 414.0000 399.0000 484.0000 
0.0000 0.0000 0.0000 0.0000 0.0000 0.0000 0.0000 0.0000 
381.0000 211.0000 837.0000 105.0000 888.0000 289.5000 423.0000 395.5000 
0.0000 0.0000 0.0000 0.0000 0.0000 0.0000 0.0000 0.0000 
309.0000 249.0000 784.0000 192.0000 814.0000 372.0000 321.0000 438.0000 
0.0000 0.0000 0.0000 0.0000 0.0000 0.0000 0.0000 0.0000 
333.0000 157.0000 807.0000 52.0000 853.0000 234.0000 375.0000 348.0000 
0.0000 0.0000 0.0000 0.0000 0.0000 0.0000 0.0000 0.0000 
307.0000 183.0000 797.5000 106.0000 836.5000 286.5000 338.5000 367.5000 
0.0000 0.0000 0.0000 0.0000 0.0000 0.0000 0.0000 0.0000 
382.0000 159.0000 861.0000 43.0000 914.5000 223.0000 426.0000 341.5000 
0.0000 0.0000 0.0000 0.0000 0.0000 0.0000 0.0000 0.0000 
367.5000 196.5000 859.0000 103.0000 898.5000 285.0000 407.5000 379.5000 
0.0000 0.0000 0.0000 0.0000 0.0000 0.0000 0.0000 0.0000 
436.5000 238.5000 920.5000 147.0000 955.0000 337.0000 456.0000 421.0000 
0.0000 0.0000 0.0000 0.0000 0.0000 0.0000 0.0000 0.0000 
381.0000 253.0000 876.0000 222.0000 889.0000 415.0000 381.0000 441.0000 
0.0000 0.0000 0.0000 0.0000 0.0000 0.0000 0.0000 0.0000 
368.5000 228.0000 858.0000 207.0000 874.0000 399.0000 364.5000 420.0000 
0.0000 0.0000 0.0000 0.0000 0.0000 0.0000 0.0000 0.0000 
409.0000 238.0000 901.0000 223.0000 913.0000 405.0000 411.0000 420.0000 
0.0000 0.0000 0.0000 0.0000 0.0000 0.0000 0.0000 0.0000 
459.0000 229.0000 940.5000 226.5000 948.0000 436.0000 444.0000 424.0000 
0.0000 0.0000 0.0000 0.0000 0.0000 0.0000 0.0000 0.0000 
441.0000 243.0000 927.0000 255.0000 925.0000 448.0000 421.0000 424.0000 
0.0000 0.0000 0.0000 0.0000 0.0000 0.0000 0.0000 0.0000 
468.0000 264.0000 959.5000 267.0000 964.0000 464.5000 451.5000 447.0000 
0.0000 0.0000 0.0000 0.0000 0.0000 0.0000 0.0000 0.0000 
495.0000 261.0000 982.0000 258.0000 996.0000 460.0000 480.0000 444.0000 
0.0000 0.0000 0.0000 0.0000 0.0000 0.0000 0.0000 0.0000 
454.5000 151.0000 949.5000 122.5000 963.0000 313.0000 458.5000 335.5000 
0.0000 0.0000 0.0000 0.0000 0.0000 0.0000 0.0000 0.0000 
465.0000 34.5000 976.5000 -29.5000 1000.0000 164.5000 485.5000 230.5000 
0.0000 0.0000 0.0000 0.0000 0.0000 0.0000 0.0000 0.0000 
445.0000 73.0000 958.5000 -4.5000 978.0000 198.0000 460.0000 267.0000 
0.0000 0.0000 0.0000 0.0000 0.0000 0.0000 0.0000 0.0000 
384.0000 70.0000 894.0000 3.0000 922.0000 207.0000 400.0000 273.0000 
0.0000 0.0000 0.0000 0.0000 0.0000 0.0000 0.0000 0.0000 
375.0000 133.0000 873.0000 54.0000 897.0000 253.0000 391.0000 324.0000 
0.0000 0.0000 0.0000 0.0000 0.0000 0.0000 0.0000 0.0000 
361.5000 130.0000 862.5000 45.0000 897.0000 250.0000 392.5000 325.5000 
0.0000 0.0000 0.0000 0.0000 0.0000 0.0000 0.0000 0.0000 
379.0000 163.0000 859.0000 72.0000 891.0000 267.0000 406.0000 351.0000 
0.0000 0.0000 0.0000 0.0000 0.0000 0.0000 0.0000 0.0000 
367.5000 186.0000 851.5000 91.0000 879.0000 288.0000 396.0000 375.0000 
0.0000 0.0000 0.0000 0.0000 0.0000 0.0000 0.0000 0.0000 
376.0000 220.0000 843.0000 126.0000 882.0000 325.0000 402.0000 408.0000 
0.0000 0.0000 0.0000 0.0000 0.0000 0.0000 0.0000 0.0000 
397.0000 246.0000 864.0000 178.0000 894.0000 367.0000 414.0000 427.0000 
0.0000 0.0000 0.0000 0.0000 0.0000 0.0000 0.0000 0.0000 
396.0000 250.0000 861.0000 205.0000 883.0000 394.0000 406.0000 427.0000 
0.0000 0.0000 0.0000 0.0000 0.0000 0.0000 0.0000 0.0000 
414.0000 252.0000 876.0000 217.0000 891.0000 402.0000 420.0000 427.0000 
0.0000 0.0000 0.0000 0.0000 0.0000 0.0000 0.0000 0.0000 
442.0000 205.0000 908.5000 181.0000 919.0000 363.0000 442.5000 382.5000 
0.0000 0.0000 0.0000 0.0000 0.0000 0.0000 0.0000 0.0000 
547.0000 189.0000 1014.0000 171.0000 1018.0000 372.0000 540.0000 361.0000 
0.0000 0.0000 0.0000 0.0000 0.0000 0.0000 0.0000 0.0000 
565.0000 319.0000 1026.0000 304.0000 1021.0000 486.0000 553.0000 497.5000 
0.0000 0.0000 0.0000 0.0000 0.0000 0.0000 0.0000 0.0000 
505.0000 442.0000 950.5000 424.5000 967.0000 612.0000 498.0000 618.0000 
0.0000 0.0000 0.0000 0.0000 0.0000 0.0000 0.0000 0.0000 
562.0000 247.0000 993.0000 208.0000 992.5000 361.0000 557.5000 399.0000 
0.0000 0.0000 0.0000 0.0000 0.0000 0.0000 0.0000 0.0000 
750.0000 45.0000 1240.5000 -34.0000 1263.0000 172.0000 769.0000 231.0000 
0.0000 0.0000 0.0000 0.0000 0.0000 0.0000 0.0000 0.0000 
667.0000 96.0000 1158.0000 25.5000 1172.5000 208.0000 684.0000 259.0000 
0.0000 0.0000 0.0000 0.0000 0.0000 0.0000 0.0000 0.0000 
620.5000 -94.0000 1014.0000 -154.0000 1042.0000 -25.0000 648.0000 42.0000 
0.0000 0.0000 0.0000 0.0000 0.0000 0.0000 0.0000 0.0000 
498.0000 4.0000 843.0000 -120.0000 909.0000 7.0000 580.0000 153.0000 
0.0000 0.0000 0.0000 0.0000 0.0000 0.0000 0.0000 0.0000 
259.0000 135.0000 648.0000 -142.5000 775.5000 3.0000 367.0000 276.0000 
0.0000 0.0000 0.0000 0.0000 0.0000 0.0000 0.0000 0.0000 
271.0000 251.5000 594.0000 -62.5000 734.5000 88.5000 397.5000 384.0000 
0.0000 0.0000 0.0000 0.0000 0.0000 0.0000 0.0000 0.0000 
355.5000 373.5000 661.0000 40.0000 783.0000 160.0000 474.0000 493.0000 
0.0000 0.0000 0.0000 0.0000 0.0000 0.0000 0.0000 0.0000 
359.5000 314.5000 673.0000 -7.5000 799.0000 117.0000 484.0000 442.5000 
0.0000 0.0000 0.0000 0.0000 0.0000 0.0000 0.0000 0.0000 
344.5000 313.0000 668.5000 -13.5000 797.5000 129.0000 461.5000 441.0000 
0.0000 0.0000 0.0000 0.0000 0.0000 0.0000 0.0000 0.0000 
398.5000 284.5000 728.5000 -30.0000 851.5000 111.0000 512.5000 412.0000 
0.0000 0.0000 0.0000 0.0000 0.0000 0.0000 0.0000 0.0000 
480.0000 241.5000 836.5000 -45.0000 949.0000 108.0000 577.0000 378.0000 
0.0000 0.0000 0.0000 0.0000 0.0000 0.0000 0.0000 0.0000 
486.0000 244.0000 868.0000 -10.0000 969.0000 158.5000 571.0000 395.5000 
0.0000 0.0000 0.0000 0.0000 0.0000 0.0000 0.0000 0.0000 
527.5000 263.5000 944.5000 45.0000 1023.0000 220.0000 590.5000 414.0000 
0.0000 0.0000 0.0000 0.0000 0.0000 0.0000 0.0000 0.0000 
487.0000 282.0000 913.0000 127.0000 969.0000 303.0000 526.0000 438.0000 
0.0000 0.0000 0.0000 0.0000 0.0000 0.0000 0.0000 0.0000 
469.5000 277.5000 913.0000 168.0000 955.0000 345.0000 495.0000 448.0000 
0.0000 0.0000 0.0000 0.0000 0.0000 0.0000 0.0000 0.0000 
436.0000 291.0000 885.0000 226.0000 907.0000 403.0000 439.0000 465.0000 
0.0000 0.0000 0.0000 0.0000 0.0000 0.0000 0.0000 0.0000 
414.0000 261.0000 868.0000 226.0000 882.0000 408.0000 409.0000 429.0000 
0.0000 0.0000 0.0000 0.0000 0.0000 0.0000 0.0000 0.0000 
482.5000 244.0000 942.0000 273.0000 940.0000 465.0000 462.0000 433.0000 
0.0000 0.0000 0.0000 0.0000 0.0000 0.0000 0.0000 0.0000 
486.0000 284.5000 945.0000 388.5000 888.0000 571.5000 418.0000 447.0000 
0.0000 0.0000 0.0000 0.0000 0.0000 0.0000 0.0000 0.0000 
435.0000 270.0000 853.5000 436.0000 781.5000 607.5000 346.0000 417.0000 
0.0000 0.0000 0.0000 0.0000 0.0000 0.0000 0.0000 0.0000 
502.0000 198.0000 920.5000 407.5000 829.5000 571.5000 396.0000 342.0000 
0.0000 0.0000 0.0000 0.0000 0.0000 0.0000 0.0000 0.0000 
631.0000 187.0000 1036.0000 429.0000 937.0000 588.0000 528.0000 331.0000 
0.0000 0.0000 0.0000 0.0000 0.0000 0.0000 0.0000 0.0000 
603.0000 186.0000 1014.0000 417.0000 925.0000 576.0000 504.0000 336.0000 
0.0000 0.0000 0.0000 0.0000 0.0000 0.0000 0.0000 0.0000 
574.0000 172.5000 994.5000 361.0000 915.0000 528.0000 489.0000 325.5000 
0.0000 0.0000 0.0000 0.0000 0.0000 0.0000 0.0000 0.0000 
589.0000 172.0000 1054.0000 295.5000 1005.0000 475.0000 541.0000 337.0000 
0.0000 0.0000 0.0000 0.0000 0.0000 0.0000 0.0000 0.0000 
538.0000 190.0000 1009.0000 238.0000 988.0000 426.0000 502.0000 372.0000 
0.0000 0.0000 0.0000 0.0000 0.0000 0.0000 0.0000 0.0000 
313.0000 274.0000 802.5000 218.5000 820.5000 397.5000 329.5000 445.0000 
0.0000 0.0000 0.0000 0.0000 0.0000 0.0000 0.0000 0.0000 
259.0000 292.0000 711.0000 157.0000 759.0000 327.0000 301.0000 475.0000 
0.0000 0.0000 0.0000 0.0000 0.0000 0.0000 0.0000 0.0000 
268.0000 339.0000 684.0000 114.0000 766.0000 282.0000 351.0000 508.0000 
0.0000 0.0000 0.0000 0.0000 0.0000 0.0000 0.0000 0.0000 
177.0000 441.0000 565.0000 142.5000 683.5000 295.0000 280.5000 585.0000 
0.0000 0.0000 0.0000 0.0000 0.0000 0.0000 0.0000 0.0000 
108.0000 484.5000 456.0000 116.5000 592.0000 251.5000 251.5000 627.0000 
0.0000 0.0000 0.0000 0.0000 0.0000 0.0000 0.0000 0.0000 
177.0000 613.5000 441.0000 197.5000 604.5000 299.5000 353.5000 721.0000 
0.0000 0.0000 0.0000 0.0000 0.0000 0.0000 0.0000 0.0000 
283.0000 655.5000 499.5000 223.0000 663.0000 309.0000 453.0000 748.0000 
0.0000 0.0000 0.0000 0.0000 0.0000 0.0000 0.0000 0.0000 
318.0000 646.5000 514.0000 211.0000 676.0000 281.5000 483.0000 725.5000 
0.0000 0.0000 0.0000 0.0000 0.0000 0.0000 0.0000 0.0000 
309.0000 640.5000 505.0000 203.5000 674.5000 278.5000 477.0000 721.0000 
0.0000 0.0000 0.0000 0.0000 0.0000 0.0000 0.0000 0.0000 
322.5000 618.0000 523.0000 193.5000 685.5000 271.0000 489.0000 701.5000 
0.0000 0.0000 0.0000 0.0000 0.0000 0.0000 0.0000 0.0000 
316.5000 598.5000 516.0000 177.0000 687.0000 261.0000 489.0000 685.0000 
0.0000 0.0000 0.0000 0.0000 0.0000 0.0000 0.0000 0.0000 
292.5000 548.5000 508.0000 135.0000 666.0000 216.0000 454.0000 640.0000 
0.0000 0.0000 0.0000 0.0000 0.0000 0.0000 0.0000 0.0000 
272.5000 505.5000 499.0000 99.0000 661.0000 185.5000 432.0000 603.0000 
0.0000 0.0000 0.0000 0.0000 0.0000 0.0000 0.0000 0.0000 
271.0000 450.0000 529.0000 60.0000 679.0000 157.0000 423.0000 552.0000 
0.0000 0.0000 0.0000 0.0000 0.0000 0.0000 0.0000 0.0000 
295.5000 396.0000 584.5000 26.5000 741.0000 151.0000 435.0000 506.5000 
0.0000 0.0000 0.0000 0.0000 0.0000 0.0000 0.0000 0.0000 
346.5000 349.0000 682.0000 27.0000 814.0000 162.0000 459.0000 480.0000 
0.0000 0.0000 0.0000 0.0000 0.0000 0.0000 0.0000 0.0000 
379.0000 335.5000 732.0000 31.0000 854.5000 175.0000 487.5000 471.0000 
0.0000 0.0000 0.0000 0.0000 0.0000 0.0000 0.0000 0.0000 
466.0000 322.0000 834.0000 43.0000 951.0000 198.0000 565.0000 468.0000 
0.0000 0.0000 0.0000 0.0000 0.0000 0.0000 0.0000 0.0000 
445.0000 316.0000 820.0000 42.0000 925.0000 199.0000 535.5000 466.0000 
0.0000 0.0000 0.0000 0.0000 0.0000 0.0000 0.0000 0.0000 
461.5000 326.5000 832.0000 62.5000 942.0000 211.0000 552.0000 469.0000 
0.0000 0.0000 0.0000 0.0000 0.0000 0.0000 0.0000 0.0000 
477.0000 303.0000 864.0000 44.5000 963.0000 198.0000 561.0000 447.0000 
0.0000 0.0000 0.0000 0.0000 0.0000 0.0000 0.0000 0.0000 
514.5000 263.5000 913.0000 36.0000 1009.0000 190.0000 593.5000 418.0000 
0.0000 0.0000 0.0000 0.0000 0.0000 0.0000 0.0000 0.0000 
523.5000 254.5000 925.0000 37.5000 1016.5000 206.5000 596.5000 413.5000 
0.0000 0.0000 0.0000 0.0000 0.0000 0.0000 0.0000 0.0000 
549.0000 271.0000 946.0000 64.0000 1035.0000 243.0000 612.0000 426.0000 
0.0000 0.0000 0.0000 0.0000 0.0000 0.0000 0.0000 0.0000 
549.0000 277.0000 964.0000 85.0000 1039.5000 258.0000 612.0000 435.0000 
0.0000 0.0000 0.0000 0.0000 0.0000 0.0000 0.0000 0.0000 
539.5000 283.5000 951.0000 127.5000 1014.0000 298.0000 587.5000 443.5000 
0.0000 0.0000 0.0000 0.0000 0.0000 0.0000 0.0000 0.0000 
538.0000 285.0000 946.0000 130.0000 1005.0000 301.0000 579.0000 441.0000 
0.0000 0.0000 0.0000 0.0000 0.0000 0.0000 0.0000 0.0000 
541.0000 280.0000 942.0000 144.0000 993.0000 307.0000 580.0000 432.0000 
0.0000 0.0000 0.0000 0.0000 0.0000 0.0000 0.0000 0.0000 
538.0000 283.0000 945.0000 151.0000 993.0000 312.0000 578.5000 433.5000 
0.0000 0.0000 0.0000 0.0000 0.0000 0.0000 0.0000 0.0000 
556.5000 281.5000 954.0000 160.0000 1000.0000 325.0000 595.0000 439.0000 
0.0000 0.0000 0.0000 0.0000 0.0000 0.0000 0.0000 0.0000 
571.0000 298.0000 967.0000 183.0000 1012.0000 345.0000 603.0000 456.0000 
0.0000 0.0000 0.0000 0.0000 0.0000 0.0000 0.0000 0.0000 
551.5000 297.0000 944.5000 178.5000 996.0000 335.5000 594.0000 449.5000 
0.0000 0.0000 0.0000 0.0000 0.0000 0.0000 0.0000 0.0000 
448.5000 266.5000 835.0000 88.0000 902.5000 243.0000 505.0000 409.0000 
0.0000 0.0000 0.0000 0.0000 0.0000 0.0000 0.0000 0.0000 
336.0000 291.0000 664.0000 31.0000 771.0000 166.0000 427.5000 412.5000 
0.0000 0.0000 0.0000 0.0000 0.0000 0.0000 0.0000 0.0000 
252.0000 393.0000 542.5000 61.0000 662.5000 172.5000 367.5000 493.5000 
0.0000 0.0000 0.0000 0.0000 0.0000 0.0000 0.0000 0.0000 
185.5000 466.0000 429.0000 102.0000 558.0000 195.0000 328.5000 547.5000 
0.0000 0.0000 0.0000 0.0000 0.0000 0.0000 0.0000 0.0000 
123.0000 457.0000 330.0000 80.5000 478.0000 160.5000 274.0000 528.0000 
0.0000 0.0000 0.0000 0.0000 0.0000 0.0000 0.0000 0.0000 
147.0000 451.0000 324.0000 72.0000 468.0000 148.0000 297.0000 517.0000 
0.0000 0.0000 0.0000 0.0000 0.0000 0.0000 0.0000 0.0000 
167.5000 427.5000 355.0000 64.0000 502.0000 146.5000 313.0000 496.0000 
0.0000 0.0000 0.0000 0.0000 0.0000 0.0000 0.0000 0.0000 
258.0000 369.0000 476.5000 40.5000 610.5000 129.0000 381.0000 452.5000 
0.0000 0.0000 0.0000 0.0000 0.0000 0.0000 0.0000 0.0000 
377.5000 213.0000 631.0000 -79.5000 757.5000 22.0000 498.0000 302.5000 
0.0000 0.0000 0.0000 0.0000 0.0000 0.0000 0.0000 0.0000 
537.0000 198.0000 857.5000 -25.0000 948.0000 121.0000 621.0000 332.5000 
0.0000 0.0000 0.0000 0.0000 0.0000 0.0000 0.0000 0.0000 
575.5000 226.0000 930.0000 76.5000 993.0000 225.0000 631.0000 367.5000 
0.0000 0.0000 0.0000 0.0000 0.0000 0.0000 0.0000 0.0000 
653.5000 244.0000 1020.0000 139.0000 1071.0000 288.0000 694.5000 390.0000 
0.0000 0.0000 0.0000 0.0000 0.0000 0.0000 0.0000 0.0000 
726.0000 260.5000 1107.0000 197.5000 1135.5000 355.0000 745.0000 402.0000 
0.0000 0.0000 0.0000 0.0000 0.0000 0.0000 0.0000 0.0000 
658.0000 268.0000 1032.0000 240.0000 1036.0000 381.0000 663.0000 405.0000 
0.0000 0.0000 0.0000 0.0000 0.0000 0.0000 0.0000 0.0000 
652.0000 266.5000 1017.0000 238.5000 1024.0000 382.5000 657.0000 405.0000 
0.0000 0.0000 0.0000 0.0000 0.0000 0.0000 0.0000 0.0000 
