399.0000 150.0000 612.0000 166.0000 595.0000 508.0000 384.0000 504.0000 
395.5000 148.5000 611.5000 161.5000 593.0000 508.0000 380.5000 502.5000 
0.0000 0.0000 0.0000 0.0000 0.0000 0.0000 0.0000 0.0000 
394.0000 148.5000 608.5000 163.0000 590.0000 509.5000 376.0000 504.0000 
0.0000 0.0000 0.0000 0.0000 0.0000 0.0000 0.0000 0.0000 
390.5599 149.7987 606.6320 163.1957 589.8433 511.0771 374.0443 507.0242 
0.0000 0.0000 0.0000 0.0000 0.0000 0.0000 0.0000 0.0000 
398.4078 152.0198 612.5677 164.6956 600.2160 515.4998 383.8163 508.8902 
0.0000 0.0000 0.0000 0.0000 0.0000 0.0000 0.0000 0.0000 
407.9000 156.1959 624.4807 169.0878 608.8416 516.9401 394.1094 511.6794 
0.0000 0.0000 0.0000 0.0000 0.0000 0.0000 0.0000 0.0000 
414.6143 160.3349 632.8925 172.2074 616.3047 522.2493 401.5017 514.5112 
0.0000 0.0000 0.0000 0.0000 0.0000 0.0000 0.0000 0.0000 
424.5033 163.9220 639.4121 177.6883 624.9987 525.0056 410.1816 518.2737 
0.0000 0.0000 0.0000 0.0000 0.0000 0.0000 0.0000 0.0000 
430.3924 165.6746 645.7318 179.0672 627.0995 528.1753 413.4196 517.6677 
0.0000 0.0000 0.0000 0.0000 0.0000 0.0000 0.0000 0.0000 
431.5000 165.5000 647.5000 180.0000 629.0000 528.0000 413.5000 519.5000 
0.0000 0.0000 0.0000 0.0000 0.0000 0.0000 0.0000 0.0000 
433.1138 161.8779 648.4773 176.9026 628.9377 525.9924 412.7517 516.3386 
0.0000 0.0000 0.0000 0.0000 0.0000 0.0000 0.0000 0.0000 
439.8487 158.4712 655.8928 175.7915 633.4749 520.7769 421.0393 508.9109 
0.0000 0.0000 0.0000 0.0000 0.0000 0.0000 0.0000 0.0000 
444.4473 154.4609 659.5307 173.8100 634.5500 520.7980 420.5461 507.2357 
0.0000 0.0000 0.0000 0.0000 0.0000 0.0000 0.0000 0.0000 
444.4363 157.4865 658.9635 175.9528 634.1502 524.6901 419.6443 509.9327 
0.0000 0.0000 0.0000 0.0000 0.0000 0.0000 0.0000 0.0000 
447.5371 162.9837 662.2036 180.5792 635.2221 527.1960 421.7557 513.7485 
0.0000 0.0000 0.0000 0.0000 0.0000 0.0000 0.0000 0.0000 
447.3193 163.2402 661.2454 181.7490 636.3013 529.6906 422.7766 516.6366 
0.0000 0.0000 0.0000 0.0000 0.0000 0.0000 0.0000 0.0000 
448.6030 167.8505 663.6682 184.9359 640.2831 533.7838 425.3769 520.3902 
0.0000 0.0000 0.0000 0.0000 0.0000 0.0000 0.0000 0.0000 
453.9715 191.9209 669.0064 202.3099 656.3745 553.2350 439.5401 546.2365 
0.0000 0.0000 0.0000 0.0000 0.0000 0.0000 0.0000 0.0000 
461.5118 162.5380 677.5358 172.4845 660.7313 520.2384 447.3758 511.7175 
0.0000 0.0000 0.0000 0.0000 0.0000 0.0000 0.0000 0.0000 
464.5757 149.6190 679.1432 161.3211 663.4200 508.4740 452.6792 502.6527 
0.0000 0.0000 0.0000 0.0000 0.0000 0.0000 0.0000 0.0000 
467.3177 144.4258 683.1008 155.0368 670.7078 501.4009 457.5072 494.4942 
0.0000 0.0000 0.0000 0.0000 0.0000 0.0000 0.0000 0.0000 
477.8915 142.5611 692.2405 154.2130 674.3343 504.2933 461.3770 496.5199 
0.0000 0.0000 0.0000 0.0000 0.0000 0.0000 0.0000 0.0000 
430.1612 200.7711 644.2226 207.7694 641.0255 568.8913 420.4922 567.7388 
0.0000 0.0000 0.0000 0.0000 0.0000 0.0000 0.0000 0.0000 
471.0000 175.5000 686.5000 173.5000 700.0000 513.0000 487.5000 515.5000 
0.0000 0.0000 0.0000 0.0000 0.0000 0.0000 0.0000 0.0000 
505.0084 187.7352 715.5336 190.9272 715.7383 534.3135 503.7645 530.4491 
0.0000 0.0000 0.0000 0.0000 0.0000 0.0000 0.0000 0.0000 
538.3147 116.3836 753.2621 84.1241 791.4929 433.2281 579.2981 460.5950 
0.0000 0.0000 0.0000 0.0000 0.0000 0.0000 0.0000 0.0000 
490.5000 196.0000 702.0000 187.0000 733.5000 550.0000 520.5000 560.5000 
0.0000 0.0000 0.0000 0.0000 0.0000 0.0000 0.0000 0.0000 
525.0000 181.0000 740.5000 149.5000 778.0000 493.0000 562.5000 523.5000 
0.0000 0.0000 0.0000 0.0000 0.0000 0.0000 0.0000 0.0000 
502.5000 235.0000 714.0000 219.0000 768.0000 580.0000 556.5000 596.5000 
0.0000 0.0000 0.0000 0.0000 0.0000 0.0000 0.0000 0.0000 
543.0000 212.5000 759.0000 179.5000 806.5000 520.5000 589.5000 547.0000 
0.0000 0.0000 0.0000 0.0000 0.0000 0.0000 0.0000 0.0000 
506.5000 167.5000 719.5000 125.5000 800.5000 468.0000 590.5000 503.5000 
0.0000 0.0000 0.0000 0.0000 0.0000 0.0000 0.0000 0.0000 
620.6663 162.6490 828.5198 103.3348 917.0816 462.0570 707.5820 511.6469 
0.0000 0.0000 0.0000 0.0000 0.0000 0.0000 0.0000 0.0000 
614.6141 183.1433 820.0441 110.4316 936.4200 460.7466 730.4314 521.5645 
0.0000 0.0000 0.0000 0.0000 0.0000 0.0000 0.0000 0.0000 
607.7031 225.9479 815.2513 152.7729 920.2033 500.9099 705.7778 563.9766 
0.0000 0.0000 0.0000 0.0000 0.0000 0.0000 0.0000 0.0000 
575.6730 211.7167 785.3075 146.3506 885.5953 495.2865 673.8061 551.4357 
0.0000 0.0000 0.0000 0.0000 0.0000 0.0000 0.0000 0.0000 
554.6727 183.8570 765.5349 124.7944 854.5511 470.8076 640.8935 522.3837 
0.0000 0.0000 0.0000 0.0000 0.0000 0.0000 0.0000 0.0000 
512.5720 176.1127 728.0785 123.0979 803.6151 479.6305 587.0638 528.5102 
0.0000 0.0000 0.0000 0.0000 0.0000 0.0000 0.0000 0.0000 
492.8363 174.4009 709.6310 124.0852 784.5377 485.7444 567.4064 531.1683 
0.0000 0.0000 0.0000 0.0000 0.0000 0.0000 0.0000 0.0000 
478.7283 195.2041 699.1853 154.2430 756.7674 520.7906 536.1042 552.6467 
0.0000 0.0000 0.0000 0.0000 0.0000 0.0000 0.0000 0.0000 
437.9700 194.7251 663.1434 164.5145 702.9199 532.7260 476.9373 559.9557 
0.0000 0.0000 0.0000 0.0000 0.0000 0.0000 0.0000 0.0000 
380.0247 205.7552 609.4503 186.0215 635.6822 563.1310 404.7884 579.2692 
0.0000 0.0000 0.0000 0.0000 0.0000 0.0000 0.0000 0.0000 
400.7210 197.3294 631.3182 185.9600 657.7614 560.3614 428.6369 572.0502 
0.0000 0.0000 0.0000 0.0000 0.0000 0.0000 0.0000 0.0000 
434.7944 198.5904 662.0388 191.8000 673.9877 565.8663 444.9834 567.2827 
0.0000 0.0000 0.0000 0.0000 0.0000 0.0000 0.0000 0.0000 
460.3740 183.5941 687.2734 182.1389 696.5429 557.1451 466.9845 557.1064 
0.0000 0.0000 0.0000 0.0000 0.0000 0.0000 0.0000 0.0000 
496.9248 174.3036 724.7816 172.8995 726.6188 547.3537 498.0115 541.2894 
0.0000 0.0000 0.0000 0.0000 0.0000 0.0000 0.0000 0.0000 
540.1109 151.7834 769.3864 153.4582 767.1035 531.4430 538.8215 521.2882 
0.0000 0.0000 0.0000 0.0000 0.0000 0.0000 0.0000 0.0000 
599.8740 144.5185 828.9807 150.7816 818.0099 536.6978 588.0516 516.1955 
0.0000 0.0000 0.0000 0.0000 0.0000 0.0000 0.0000 0.0000 
639.7946 135.2755 869.7293 140.9623 851.8120 520.1729 621.4940 501.3816 
0.0000 0.0000 0.0000 0.0000 0.0000 0.0000 0.0000 0.0000 
701.8466 132.2001 934.7801 137.4583 913.7280 525.9791 682.1382 498.6407 
0.0000 0.0000 0.0000 0.0000 0.0000 0.0000 0.0000 0.0000 
737.6104 114.2187 972.9118 113.4196 948.6478 507.4532 715.7565 481.2859 
0.0000 0.0000 0.0000 0.0000 0.0000 0.0000 0.0000 0.0000 
704.5347 110.3384 937.7711 110.4033 912.2628 501.0018 681.7990 477.6900 
0.0000 0.0000 0.0000 0.0000 0.0000 0.0000 0.0000 0.0000 
698.0583 97.1656 931.1286 94.1721 906.4388 485.6517 683.6986 465.1635 
0.0000 0.0000 0.0000 0.0000 0.0000 0.0000 0.0000 0.0000 
671.3477 97.8745 901.5424 91.9578 882.1293 479.5521 656.9570 463.5230 
0.0000 0.0000 0.0000 0.0000 0.0000 0.0000 0.0000 0.0000 
639.9722 99.4556 866.5707 85.0841 862.5012 472.9216 642.3258 464.6268 
0.0000 0.0000 0.0000 0.0000 0.0000 0.0000 0.0000 0.0000 
607.2402 108.3523 828.2384 83.1491 848.5770 463.0620 629.1783 469.8932 
0.0000 0.0000 0.0000 0.0000 0.0000 0.0000 0.0000 0.0000 
588.0446 123.4333 806.4118 86.9968 848.8665 463.5359 632.4401 476.7345 
0.0000 0.0000 0.0000 0.0000 0.0000 0.0000 0.0000 0.0000 
566.8451 108.0108 783.0137 66.0324 830.2466 440.7869 617.7861 461.7673 
0.0000 0.0000 0.0000 0.0000 0.0000 0.0000 0.0000 0.0000 
513.0743 88.3183 726.1536 32.4694 801.1467 395.0060 595.4687 432.1765 
0.0000 0.0000 0.0000 0.0000 0.0000 0.0000 0.0000 0.0000 
508.5402 67.6759 716.0126 -3.5451 817.8312 357.4925 614.7260 407.8848 
0.0000 0.0000 0.0000 0.0000 0.0000 0.0000 0.0000 0.0000 
502.6607 67.8669 703.2349 -23.9659 840.7220 335.2460 643.1398 401.7883 
0.0000 0.0000 0.0000 0.0000 0.0000 0.0000 0.0000 0.0000 
512.3586 109.5573 699.1366 2.3767 865.7974 341.8763 679.7861 423.6938 
0.0000 0.0000 0.0000 0.0000 0.0000 0.0000 0.0000 0.0000 
537.6592 140.2553 709.2760 11.5586 913.6460 330.7309 732.8685 432.1647 
0.0000 0.0000 0.0000 0.0000 0.0000 0.0000 0.0000 0.0000 
538.0726 165.4490 698.8337 26.0916 926.7186 326.3323 754.9425 442.6630 
0.0000 0.0000 0.0000 0.0000 0.0000 0.0000 0.0000 0.0000 
564.0000 199.0000 708.0000 49.0000 963.0000 323.5000 801.0000 449.5000 
0.0000 0.0000 0.0000 0.0000 0.0000 0.0000 0.0000 0.0000 
602.5000 203.5000 729.0000 40.5000 1012.5000 295.0000 862.5000 437.5000 
0.0000 0.0000 0.0000 0.0000 0.0000 0.0000 0.0000 0.0000 
625.0000 232.5000 742.5000 63.0000 1036.5000 291.0000 895.0000 441.0000 
0.0000 0.0000 0.0000 0.0000 0.0000 0.0000 0.0000 0.0000 
573.0000 253.5000 680.5000 73.0000 985.5000 284.5000 854.5000 443.5000 
0.0000 0.0000 0.0000 0.0000 0.0000 0.0000 0.0000 0.0000 
547.5000 273.0000 647.5000 97.5000 954.0000 294.0000 832.0000 454.5000 
0.0000 0.0000 0.0000 0.0000 0.0000 0.0000 0.0000 0.0000 
498.0000 300.0000 590.5000 124.0000 903.0000 304.0000 788.5000 469.5000 
0.0000 0.0000 0.0000 0.0000 0.0000 0.0000 0.0000 0.0000 
484.0000 326.5000 568.0000 147.0000 886.0000 325.5000 778.5000 488.5000 
0.0000 0.0000 0.0000 0.0000 0.0000 0.0000 0.0000 0.0000 
472.0000 353.5000 551.5000 175.5000 868.0000 342.0000 769.5000 505.0000 
0.0000 0.0000 0.0000 0.0000 0.0000 0.0000 0.0000 0.0000 
472.0000 365.5000 544.0000 192.0000 865.0000 349.5000 769.5000 511.0000 
0.0000 0.0000 0.0000 0.0000 0.0000 0.0000 0.0000 0.0000 
464.5000 376.0000 536.5000 201.0000 853.0000 361.5000 757.5000 521.5000 
0.0000 0.0000 0.0000 0.0000 0.0000 0.0000 0.0000 0.0000 
424.5000 397.0000 505.0000 225.0000 812.5000 393.0000 715.5000 550.5000 
0.0000 0.0000 0.0000 0.0000 0.0000 0.0000 0.0000 0.0000 
353.5000 403.5000 448.0000 244.5000 739.5000 426.0000 631.0000 573.0000 
0.0000 0.0000 0.0000 0.0000 0.0000 0.0000 0.0000 0.0000 
263.5000 355.5000 382.0000 202.5000 648.0000 430.5000 523.0000 563.5000 
0.0000 0.0000 0.0000 0.0000 0.0000 0.0000 0.0000 0.0000 
231.0000 309.0000 367.0000 178.0000 606.0000 442.5000 459.0000 551.5000 
0.0000 0.0000 0.0000 0.0000 0.0000 0.0000 0.0000 0.0000 
290.7341 268.2676 443.6873 168.8269 624.4860 472.4112 463.0809 552.7471 
0.0000 0.0000 0.0000 0.0000 0.0000 0.0000 0.0000 0.0000 
302.7094 252.8689 471.5489 169.8309 602.9161 496.4976 427.9376 554.5894 
0.0000 0.0000 0.0000 0.0000 0.0000 0.0000 0.0000 0.0000 
297.7568 282.8581 471.2748 220.0641 570.5860 554.4690 394.2696 597.0718 
0.0000 0.0000 0.0000 0.0000 0.0000 0.0000 0.0000 0.0000 
343.6276 225.3351 520.3527 175.3380 609.1055 504.3958 436.6786 533.7120 
0.0000 0.0000 0.0000 0.0000 0.0000 0.0000 0.0000 0.0000 
426.5372 192.3183 598.2376 149.1358 671.7722 475.5840 499.6333 497.3427 
0.0000 0.0000 0.0000 0.0000 0.0000 0.0000 0.0000 0.0000 
435.0765 176.7693 608.3475 140.0085 648.5581 477.9770 477.8673 489.6724 
0.0000 0.0000 0.0000 0.0000 0.0000 0.0000 0.0000 0.0000 
427.6991 146.7977 600.7925 112.1666 651.6430 444.9807 485.2740 453.2953 
0.0000 0.0000 0.0000 0.0000 0.0000 0.0000 0.0000 0.0000 
502.0181 113.2985 674.7023 84.6989 710.5079 413.1685 541.6530 418.9180 
0.0000 0.0000 0.0000 0.0000 0.0000 0.0000 0.0000 0.0000 
497.5739 70.7543 671.7621 46.8458 682.7849 388.6235 517.6597 387.3808 
0.0000 0.0000 0.0000 0.0000 0.0000 0.0000 0.0000 0.0000 
474.6124 66.8401 652.0343 47.9008 666.3325 387.2582 497.6229 383.6469 
0.0000 0.0000 0.0000 0.0000 0.0000 0.0000 0.0000 0.0000 
493.2847 84.6788 665.4653 61.0904 682.5895 401.9320 515.7216 398.8805 
0.0000 0.0000 0.0000 0.0000 0.0000 0.0000 0.0000 0.0000 
532.5542 99.7241 702.9351 81.2283 711.3686 422.9088 546.3568 414.0858 
0.0000 0.0000 0.0000 0.0000 0.0000 0.0000 0.0000 0.0000 
521.8718 96.7997 691.9672 76.6902 700.2658 417.4940 535.4301 409.4456 
0.0000 0.0000 0.0000 0.0000 0.0000 0.0000 0.0000 0.0000 
514.7953 101.1544 686.3288 82.1329 689.0450 422.4457 522.2733 414.7155 
0.0000 0.0000 0.0000 0.0000 0.0000 0.0000 0.0000 0.0000 
508.2592 108.7528 677.3790 91.9559 677.7849 429.6586 512.0206 420.3363 
0.0000 0.0000 0.0000 0.0000 0.0000 0.0000 0.0000 0.0000 
456.4547 88.3365 629.6100 76.8709 621.7213 419.0006 455.3958 408.7543 
0.0000 0.0000 0.0000 0.0000 0.0000 0.0000 0.0000 0.0000 
450.1911 100.1863 621.8060 88.5870 619.2479 428.1062 452.8515 413.7328 
0.0000 0.0000 0.0000 0.0000 0.0000 0.0000 0.0000 0.0000 
452.0043 75.7637 622.3569 65.4758 622.4702 403.5156 457.1428 393.2143 
0.0000 0.0000 0.0000 0.0000 0.0000 0.0000 0.0000 0.0000 
463.4827 66.1735 633.0066 52.2196 639.0393 393.0436 474.4048 382.3752 
0.0000 0.0000 0.0000 0.0000 0.0000 0.0000 0.0000 0.0000 
460.8951 49.6383 631.7095 33.8627 631.3309 372.4849 469.0436 366.4697 
0.0000 0.0000 0.0000 0.0000 0.0000 0.0000 0.0000 0.0000 
409.9743 19.6725 584.7434 -3.0285 609.0280 347.8228 443.0909 349.1818 
0.0000 0.0000 0.0000 0.0000 0.0000 0.0000 0.0000 0.0000 
418.6886 25.3464 588.7701 0.2588 608.6979 347.8011 443.1108 348.8096 
0.0000 0.0000 0.0000 0.0000 0.0000 0.0000 0.0000 0.0000 
380.0708 59.5097 552.1459 32.7227 584.6580 381.9243 417.0393 384.2896 
0.0000 0.0000 0.0000 0.0000 0.0000 0.0000 0.0000 0.0000 
377.8076 100.3447 549.5269 72.6042 581.0285 417.9077 412.8991 422.5905 
0.0000 0.0000 0.0000 0.0000 0.0000 0.0000 0.0000 0.0000 
365.2236 122.3184 537.0497 91.1714 570.7125 435.8662 404.4649 441.4709 
0.0000 0.0000 0.0000 0.0000 0.0000 0.0000 0.0000 0.0000 
375.4963 123.8461 544.8582 96.4865 579.7050 430.0185 414.2071 440.0658 
0.0000 0.0000 0.0000 0.0000 0.0000 0.0000 0.0000 0.0000 
382.8438 152.8469 548.6672 122.9343 586.3997 456.5196 422.0974 466.0446 
0.0000 0.0000 0.0000 0.0000 0.0000 0.0000 0.0000 0.0000 
392.8294 170.4324 555.7892 141.1252 590.1317 469.3560 431.4916 480.0105 
0.0000 0.0000 0.0000 0.0000 0.0000 0.0000 0.0000 0.0000 
403.0470 200.0264 564.0560 172.3406 601.1221 495.5240 440.6820 504.4210 
0.0000 0.0000 0.0000 0.0000 0.0000 0.0000 0.0000 0.0000 
404.7828 221.1858 565.3781 193.8950 596.7796 510.2866 437.5483 520.4003 
0.0000 0.0000 0.0000 0.0000 0.0000 0.0000 0.0000 0.0000 
403.1610 219.5176 560.7206 194.1311 589.8631 506.5844 434.6472 514.7209 
0.0000 0.0000 0.0000 0.0000 0.0000 0.0000 0.0000 0.0000 
402.3616 217.4961 560.4729 193.3429 590.7941 499.4432 433.3139 508.6017 
0.0000 0.0000 0.0000 0.0000 0.0000 0.0000 0.0000 0.0000 
387.5588 197.7293 546.1011 178.7859 562.3720 486.5146 406.4411 489.8328 
0.0000 0.0000 0.0000 0.0000 0.0000 0.0000 0.0000 0.0000 
399.3838 201.2576 554.6337 184.0910 574.1631 486.1617 420.7272 488.4427 
0.0000 0.0000 0.0000 0.0000 0.0000 0.0000 0.0000 0.0000 
432.8494 203.4254 586.0455 188.1534 599.9266 489.3014 447.6261 488.2655 
0.0000 0.0000 0.0000 0.0000 0.0000 0.0000 0.0000 0.0000 
456.0151 217.8277 606.4177 206.1120 614.7281 503.2975 465.4207 497.7354 
0.0000 0.0000 0.0000 0.0000 0.0000 0.0000 0.0000 0.0000 
487.3504 220.6490 633.2086 208.3122 645.6638 494.5108 496.7106 495.4836 
0.0000 0.0000 0.0000 0.0000 0.0000 0.0000 0.0000 0.0000 
532.8235 221.2852 677.7084 208.6807 683.2706 494.2289 539.6453 490.7290 
0.0000 0.0000 0.0000 0.0000 0.0000 0.0000 0.0000 0.0000 
536.0137 217.7054 680.7902 205.0240 684.7023 484.9182 541.7031 480.5793 
0.0000 0.0000 0.0000 0.0000 0.0000 0.0000 0.0000 0.0000 
538.8429 199.0361 680.1316 189.9086 683.6620 466.6464 543.7040 461.9306 
0.0000 0.0000 0.0000 0.0000 0.0000 0.0000 0.0000 0.0000 
548.1807 173.3930 688.4102 157.0924 699.2733 431.0758 561.1666 430.9792 
0.0000 0.0000 0.0000 0.0000 0.0000 0.0000 0.0000 0.0000 
520.7887 168.5403 661.9490 151.0475 674.8011 424.5324 535.6953 428.7353 
0.0000 0.0000 0.0000 0.0000 0.0000 0.0000 0.0000 0.0000 
506.6323 166.7087 644.8782 139.9493 682.5040 407.7468 549.7115 423.7515 
0.0000 0.0000 0.0000 0.0000 0.0000 0.0000 0.0000 0.0000 
495.1328 177.4861 625.8592 133.8767 695.1200 391.7383 565.8471 423.0459 
0.0000 0.0000 0.0000 0.0000 0.0000 0.0000 0.0000 0.0000 
457.7342 198.5168 584.3083 142.9021 678.5269 393.9326 553.7315 437.3094 
0.0000 0.0000 0.0000 0.0000 0.0000 0.0000 0.0000 0.0000 
423.2342 216.5168 542.3083 147.4021 665.0269 377.4326 544.7315 434.3094 
0.0000 0.0000 0.0000 0.0000 0.0000 0.0000 0.0000 0.0000 
388.0000 214.0000 495.0000 133.0000 641.5000 352.0000 530.5000 420.0000 
0.0000 0.0000 0.0000 0.0000 0.0000 0.0000 0.0000 0.0000 
351.0000 190.5000 456.0000 100.5000 619.0000 307.0000 514.0000 382.5000 
0.0000 0.0000 0.0000 0.0000 0.0000 0.0000 0.0000 0.0000 
330.0000 222.0000 421.5000 123.0000 605.5000 317.5000 509.5000 402.0000 
0.0000 0.0000 0.0000 0.0000 0.0000 0.0000 0.0000 0.0000 
390.0000 220.5000 467.5000 115.5000 667.5000 283.5000 587.5000 376.5000 
0.0000 0.0000 0.0000 0.0000 0.0000 0.0000 0.0000 0.0000 
415.5000 250.5000 488.5000 137.5000 694.0000 296.5000 609.0000 393.0000 
0.0000 0.0000 0.0000 0.0000 0.0000 0.0000 0.0000 0.0000 
423.0000 271.5000 488.5000 158.5000 700.0000 305.5000 622.5000 405.0000 
0.0000 0.0000 0.0000 0.0000 0.0000 0.0000 0.0000 0.0000 
451.5000 285.0000 508.0000 172.0000 722.5000 302.5000 651.0000 402.0000 
0.0000 0.0000 0.0000 0.0000 0.0000 0.0000 0.0000 0.0000 
442.5000 312.0000 494.5000 193.0000 716.5000 311.5000 652.5000 418.5000 
0.0000 0.0000 0.0000 0.0000 0.0000 0.0000 0.0000 0.0000 
422.5000 357.0000 470.5000 235.5000 692.5000 338.5000 637.0000 445.0000 
0.0000 0.0000 0.0000 0.0000 0.0000 0.0000 0.0000 0.0000 
365.5000 388.5000 409.5000 268.0000 637.5000 355.0000 589.0000 469.0000 
0.0000 0.0000 0.0000 0.0000 0.0000 0.0000 0.0000 0.0000 
325.5000 416.5000 361.0000 295.0000 595.5000 371.5000 551.5000 485.5000 
0.0000 0.0000 0.0000 0.0000 0.0000 0.0000 0.0000 0.0000 
283.0000 448.5000 312.0000 323.5000 556.0000 395.5000 514.0000 509.5000 
0.0000 0.0000 0.0000 0.0000 0.0000 0.0000 0.0000 0.0000 
307.0000 460.5000 333.0000 337.0000 569.5000 406.0000 533.5000 520.0000 
0.0000 0.0000 0.0000 0.0000 0.0000 0.0000 0.0000 0.0000 
344.5000 462.0000 369.0000 340.5000 601.0000 407.5000 563.5000 520.0000 
0.0000 0.0000 0.0000 0.0000 0.0000 0.0000 0.0000 0.0000 
358.0000 465.0000 384.0000 346.5000 614.5000 410.5000 578.5000 520.0000 
0.0000 0.0000 0.0000 0.0000 0.0000 0.0000 0.0000 0.0000 
379.0000 463.5000 405.0000 346.5000 629.5000 412.0000 595.0000 521.5000 
0.0000 0.0000 0.0000 0.0000 0.0000 0.0000 0.0000 0.0000 
396.0000 436.5000 426.0000 322.0000 646.5000 393.0000 608.5000 499.5000 
0.0000 0.0000 0.0000 0.0000 0.0000 0.0000 0.0000 0.0000 
382.5000 417.0000 418.5000 304.0000 636.0000 384.0000 593.5000 487.5000 
0.0000 0.0000 0.0000 0.0000 0.0000 0.0000 0.0000 0.0000 
406.0000 402.0000 443.5000 290.5000 658.0000 373.5000 611.5000 472.0000 
0.0000 0.0000 0.0000 0.0000 0.0000 0.0000 0.0000 0.0000 
406.0000 337.0000 445.5000 231.0000 655.0000 322.0000 607.5000 421.0000 
0.0000 0.0000 0.0000 0.0000 0.0000 0.0000 0.0000 0.0000 
444.0000 357.0000 486.0000 253.0000 691.5000 355.0000 640.5000 450.0000 
0.0000 0.0000 0.0000 0.0000 0.0000 0.0000 0.0000 0.0000 
502.5000 322.5000 553.5000 228.0000 743.5000 346.0000 685.0000 433.0000 
0.0000 0.0000 0.0000 0.0000 0.0000 0.0000 0.0000 0.0000 
502.5000 303.0000 567.0000 214.5000 737.5000 358.0000 667.0000 434.5000 
0.0000 0.0000 0.0000 0.0000 0.0000 0.0000 0.0000 0.0000 
535.5000 277.5000 609.0000 201.0000 761.5000 365.5000 679.0000 430.0000 
0.0000 0.0000 0.0000 0.0000 0.0000 0.0000 0.0000 0.0000 
556.0000 217.0000 643.0000 152.5000 764.5000 334.5000 673.5000 389.5000 
0.0000 0.0000 0.0000 0.0000 0.0000 0.0000 0.0000 0.0000 
505.0000 193.0000 596.5000 133.0000 707.5000 328.5000 610.5000 374.5000 
0.0000 0.0000 0.0000 0.0000 0.0000 0.0000 0.0000 0.0000 
487.0000 200.5000 581.5000 143.5000 677.5000 340.5000 582.0000 380.5000 
0.0000 0.0000 0.0000 0.0000 0.0000 0.0000 0.0000 0.0000 
445.5000 219.0000 542.5000 165.0000 639.0000 366.0000 540.0000 406.5000 
0.0000 0.0000 0.0000 0.0000 0.0000 0.0000 0.0000 0.0000 
424.5000 240.0000 520.0000 190.5000 607.5000 391.5000 510.0000 430.5000 
0.0000 0.0000 0.0000 0.0000 0.0000 0.0000 0.0000 0.0000 
412.5000 241.5000 508.0000 195.0000 594.0000 397.5000 495.0000 435.0000 
0.0000 0.0000 0.0000 0.0000 0.0000 0.0000 0.0000 0.0000 
402.0000 258.0000 496.0000 211.5000 579.0000 408.0000 483.0000 445.5000 
0.0000 0.0000 0.0000 0.0000 0.0000 0.0000 0.0000 0.0000 
396.0000 259.5000 490.0000 216.0000 574.5000 412.5000 478.5000 448.5000 
0.0000 0.0000 0.0000 0.0000 0.0000 0.0000 0.0000 0.0000 
397.5000 268.5000 490.0000 225.0000 571.5000 420.0000 477.0000 457.5000 
0.0000 0.0000 0.0000 0.0000 0.0000 0.0000 0.0000 0.0000 
388.5000 262.5000 484.0000 220.5000 558.0000 420.0000 460.5000 451.5000 
0.0000 0.0000 0.0000 0.0000 0.0000 0.0000 0.0000 0.0000 
373.5000 255.0000 470.5000 216.0000 538.5000 415.5000 441.0000 444.0000 
0.0000 0.0000 0.0000 0.0000 0.0000 0.0000 0.0000 0.0000 
324.0000 214.0000 421.5000 181.5000 485.5000 386.5000 385.0000 412.0000 
0.0000 0.0000 0.0000 0.0000 0.0000 0.0000 0.0000 0.0000 
288.0000 218.5000 388.5000 187.5000 449.5000 392.5000 350.5000 419.5000 
0.0000 0.0000 0.0000 0.0000 0.0000 0.0000 0.0000 0.0000 
250.5000 222.0000 349.5000 188.5000 412.5000 397.5000 314.5000 422.5000 
0.0000 0.0000 0.0000 0.0000 0.0000 0.0000 0.0000 0.0000 
228.0000 222.0000 327.0000 188.5000 388.5000 397.5000 292.0000 424.0000 
0.0000 0.0000 0.0000 0.0000 0.0000 0.0000 0.0000 0.0000 
202.5000 229.5000 303.0000 196.0000 369.0000 405.0000 274.0000 433.0000 
0.0000 0.0000 0.0000 0.0000 0.0000 0.0000 0.0000 0.0000 
187.5000 240.0000 286.5000 202.0000 358.5000 409.5000 260.5000 437.5000 
0.0000 0.0000 0.0000 0.0000 0.0000 0.0000 0.0000 0.0000 
190.5000 256.5000 286.5000 218.5000 363.0000 424.5000 268.0000 452.5000 
0.0000 0.0000 0.0000 0.0000 0.0000 0.0000 0.0000 0.0000 
220.5000 271.0000 312.0000 235.0000 389.5000 434.5000 295.5000 464.5000 
0.0000 0.0000 0.0000 0.0000 0.0000 0.0000 0.0000 0.0000 
223.5000 281.5000 316.5000 244.0000 392.5000 442.0000 298.5000 472.0000 
0.0000 0.0000 0.0000 0.0000 0.0000 0.0000 0.0000 0.0000 
216.0000 290.5000 306.0000 254.5000 383.5000 452.5000 286.5000 481.0000 
0.0000 0.0000 0.0000 0.0000 0.0000 0.0000 0.0000 0.0000 
196.5000 302.5000 288.0000 268.0000 364.0000 464.5000 268.5000 493.0000 
0.0000 0.0000 0.0000 0.0000 0.0000 0.0000 0.0000 0.0000 
166.0000 321.0000 258.0000 283.0000 334.0000 484.5000 236.5000 514.0000 
0.0000 0.0000 0.0000 0.0000 0.0000 0.0000 0.0000 0.0000 
119.5000 328.5000 217.0000 293.5000 289.5000 496.0000 190.5000 526.0000 
0.0000 0.0000 0.0000 0.0000 0.0000 0.0000 0.0000 0.0000 
101.5000 331.5000 199.0000 293.5000 270.0000 496.0000 171.0000 527.5000 
0.0000 0.0000 0.0000 0.0000 0.0000 0.0000 0.0000 0.0000 
91.0000 327.0000 190.0000 295.0000 259.5000 499.0000 160.5000 526.0000 
0.0000 0.0000 0.0000 0.0000 0.0000 0.0000 0.0000 0.0000 
95.5000 321.0000 193.0000 287.5000 259.5000 488.5000 163.5000 515.5000 
0.0000 0.0000 0.0000 0.0000 0.0000 0.0000 0.0000 0.0000 
106.0000 279.0000 205.0000 250.0000 259.5000 452.5000 163.5000 476.5000 
0.0000 0.0000 0.0000 0.0000 0.0000 0.0000 0.0000 0.0000 
31.5000 212.5000 135.0000 195.0000 169.5000 406.0000 68.5000 421.0000 
0.0000 0.0000 0.0000 0.0000 0.0000 0.0000 0.0000 0.0000 
24.0000 178.0000 129.0000 162.0000 166.5000 379.0000 65.5000 389.5000 
0.0000 0.0000 0.0000 0.0000 0.0000 0.0000 0.0000 0.0000 
58.0000 114.0000 159.0000 102.0000 189.0000 319.5000 88.5000 321.0000 
0.0000 0.0000 0.0000 0.0000 0.0000 0.0000 0.0000 0.0000 
16.5000 163.5000 124.5000 148.0000 157.5000 375.0000 48.0000 385.0000 
0.0000 0.0000 0.0000 0.0000 0.0000 0.0000 0.0000 0.0000 
142.0000 117.0000 241.5000 104.5000 269.5000 320.5000 172.5000 323.5000 
0.0000 0.0000 0.0000 0.0000 0.0000 0.0000 0.0000 0.0000 
61.5000 228.0000 167.5000 219.0000 193.0000 441.0000 89.5000 451.5000 
0.0000 0.0000 0.0000 0.0000 0.0000 0.0000 0.0000 0.0000 
347.5000 198.0000 441.0000 186.0000 465.0000 393.0000 377.5000 391.5000 
0.0000 0.0000 0.0000 0.0000 0.0000 0.0000 0.0000 0.0000 
321.0000 318.0000 412.0000 310.0000 418.5000 507.0000 328.5000 505.0000 
0.0000 0.0000 0.0000 0.0000 0.0000 0.0000 0.0000 0.0000 
367.5000 231.0000 457.0000 223.5000 460.5000 432.0000 376.5000 431.5000 
0.0000 0.0000 0.0000 0.0000 0.0000 0.0000 0.0000 0.0000 
319.0000 235.5000 409.0000 226.0000 421.0000 430.0000 331.0000 430.0000 
0.0000 0.0000 0.0000 0.0000 0.0000 0.0000 0.0000 0.0000 
406.0000 211.5000 493.0000 205.5000 495.0000 409.0000 408.0000 402.0000 
0.0000 0.0000 0.0000 0.0000 0.0000 0.0000 0.0000 0.0000 
400.0000 222.0000 487.0000 219.0000 486.0000 419.5000 397.5000 414.0000 
0.0000 0.0000 0.0000 0.0000 0.0000 0.0000 0.0000 0.0000 
441.0000 240.0000 526.0000 238.0000 523.5000 441.0000 437.5000 433.0000 
0.0000 0.0000 0.0000 0.0000 0.0000 0.0000 0.0000 0.0000 
468.0000 259.5000 556.0000 259.0000 545.5000 460.0000 457.5000 449.5000 
0.0000 0.0000 0.0000 0.0000 0.0000 0.0000 0.0000 0.0000 
496.5000 304.0000 582.0000 308.5000 566.5000 510.0000 478.5000 493.5000 
0.0000 0.0000 0.0000 0.0000 0.0000 0.0000 0.0000 0.0000 
537.0000 286.0000 623.5000 291.0000 601.0000 492.0000 512.5000 474.0000 
0.0000 0.0000 0.0000 0.0000 0.0000 0.0000 0.0000 0.0000 
550.0000 316.0000 634.5000 323.5000 605.5000 522.0000 517.0000 502.0000 
0.0000 0.0000 0.0000 0.0000 0.0000 0.0000 0.0000 0.0000 
559.0000 311.5000 642.0000 319.0000 619.0000 519.0000 530.5000 499.0000 
0.0000 0.0000 0.0000 0.0000 0.0000 0.0000 0.0000 0.0000 
598.0000 317.5000 684.0000 323.5000 661.0000 522.0000 572.5000 503.5000 
0.0000 0.0000 0.0000 0.0000 0.0000 0.0000 0.0000 0.0000 
614.5000 319.0000 699.0000 325.0000 674.5000 526.5000 586.0000 505.0000 
0.0000 0.0000 0.0000 0.0000 0.0000 0.0000 0.0000 0.0000 
623.5000 323.5000 711.0000 328.0000 685.0000 529.5000 595.0000 511.0000 
0.0000 0.0000 0.0000 0.0000 0.0000 0.0000 0.0000 0.0000 
637.0000 332.5000 723.0000 335.5000 700.0000 540.0000 610.0000 520.0000 
0.0000 0.0000 0.0000 0.0000 0.0000 0.0000 0.0000 0.0000 
656.5000 340.0000 744.0000 346.0000 719.5000 547.5000 632.5000 529.0000 
0.0000 0.0000 0.0000 0.0000 0.0000 0.0000 0.0000 0.0000 
673.0000 346.0000 760.5000 352.0000 734.5000 553.5000 647.5000 536.5000 
0.0000 0.0000 0.0000 0.0000 0.0000 0.0000 0.0000 0.0000 
676.0000 353.5000 765.0000 358.0000 742.0000 562.5000 652.0000 545.5000 
0.0000 0.0000 0.0000 0.0000 0.0000 0.0000 0.0000 0.0000 
685.0000 359.5000 772.5000 364.0000 751.0000 571.5000 662.5000 553.0000 
0.0000 0.0000 0.0000 0.0000 0.0000 0.0000 0.0000 0.0000 
697.0000 380.5000 787.5000 382.0000 773.5000 589.5000 685.0000 574.0000 
0.0000 0.0000 0.0000 0.0000 0.0000 0.0000 0.0000 0.0000 
712.0000 376.0000 802.5000 377.5000 790.0000 586.5000 697.0000 569.5000 
0.0000 0.0000 0.0000 0.0000 0.0000 0.0000 0.0000 0.0000 
725.5000 377.5000 817.5000 377.5000 808.0000 586.5000 713.5000 575.5000 
0.0000 0.0000 0.0000 0.0000 0.0000 0.0000 0.0000 0.0000 
731.5000 377.5000 823.5000 376.0000 814.0000 582.0000 722.5000 568.0000 
0.0000 0.0000 0.0000 0.0000 0.0000 0.0000 0.0000 0.0000 
731.5000 374.5000 823.5000 373.0000 817.0000 582.0000 722.5000 572.5000 
0.0000 0.0000 0.0000 0.0000 0.0000 0.0000 0.0000 0.0000 
728.5000 373.0000 822.0000 373.0000 815.5000 580.5000 718.0000 568.0000 
0.0000 0.0000 0.0000 0.0000 0.0000 0.0000 0.0000 0.0000 
719.5000 370.0000 813.0000 370.0000 808.0000 579.0000 712.0000 571.0000 
0.0000 0.0000 0.0000 0.0000 0.0000 0.0000 0.0000 0.0000 
712.0000 367.0000 807.0000 364.0000 800.5000 583.5000 703.0000 580.0000 
0.0000 0.0000 0.0000 0.0000 0.0000 0.0000 0.0000 0.0000 
691.0000 365.5000 787.5000 361.0000 787.0000 582.0000 688.0000 575.5000 
0.0000 0.0000 0.0000 0.0000 0.0000 0.0000 0.0000 0.0000 
671.5000 356.5000 766.5000 352.0000 769.0000 559.5000 676.0000 556.0000 
0.0000 0.0000 0.0000 0.0000 0.0000 0.0000 0.0000 0.0000 
664.0000 350.5000 760.5000 344.5000 763.0000 550.5000 665.5000 545.5000 
0.0000 0.0000 0.0000 0.0000 0.0000 0.0000 0.0000 0.0000 
661.0000 338.5000 757.5000 332.5000 761.5000 538.5000 665.5000 535.0000 
0.0000 0.0000 0.0000 0.0000 0.0000 0.0000 0.0000 0.0000 
637.0000 326.5000 733.5000 322.0000 736.0000 526.5000 640.0000 521.5000 
0.0000 0.0000 0.0000 0.0000 0.0000 0.0000 0.0000 0.0000 
614.5000 320.5000 712.5000 313.0000 713.5000 519.0000 616.5000 514.5000 
0.0000 0.0000 0.0000 0.0000 0.0000 0.0000 0.0000 0.0000 
599.5000 313.0000 696.0000 305.5000 700.0000 511.5000 600.0000 507.0000 
0.0000 0.0000 0.0000 0.0000 0.0000 0.0000 0.0000 0.0000 
563.5000 295.5000 663.0000 291.0000 663.0000 493.5000 562.5000 490.5000 
0.0000 0.0000 0.0000 0.0000 0.0000 0.0000 0.0000 0.0000 
498.0000 271.0000 601.0000 265.5000 597.0000 469.0000 499.0000 466.0000 
0.0000 0.0000 0.0000 0.0000 0.0000 0.0000 0.0000 0.0000 
405.0000 242.5000 511.5000 236.5000 509.5000 441.0000 408.0000 439.0000 
0.0000 0.0000 0.0000 0.0000 0.0000 0.0000 0.0000 0.0000 
318.0000 185.5000 431.5000 179.5000 432.0000 388.0000 325.0000 386.5000 
0.0000 0.0000 0.0000 0.0000 0.0000 0.0000 0.0000 0.0000 
212.5000 153.0000 327.0000 147.0000 328.5000 364.0000 219.0000 362.5000 
0.0000 0.0000 0.0000 0.0000 0.0000 0.0000 0.0000 0.0000 
136.7412 123.1148 257.1023 116.6255 265.7042 337.6638 150.8643 336.8773 
0.0000 0.0000 0.0000 0.0000 0.0000 0.0000 0.0000 0.0000 
89.4435 78.7503 212.6479 75.5666 220.8782 303.3825 99.8885 303.8521 
0.0000 0.0000 0.0000 0.0000 0.0000 0.0000 0.0000 0.0000 
18.5295 34.5847 149.4021 33.4437 159.9879 266.3411 32.4762 265.6512 
0.0000 0.0000 0.0000 0.0000 0.0000 0.0000 0.0000 0.0000 
-25.0000 -0.5000 105.0000 2.5000 106.5000 244.5000 -21.0000 238.0000 
0.0000 0.0000 0.0000 0.0000 0.0000 0.0000 0.0000 0.0000 
-82.5000 -7.5000 31.0000 0.0000 36.0000 217.0000 -80.5000 209.5000 
0.0000 0.0000 0.0000 0.0000 0.0000 0.0000 0.0000 0.0000 
-123.0000 -4.0000 -6.0000 0.0000 -9.0000 207.0000 -117.0000 202.5000 
0.0000 0.0000 0.0000 0.0000 0.0000 0.0000 0.0000 0.0000 
-123.0000 -4.0000 -6.0000 0.0000 -9.0000 207.0000 -117.0000 202.5000 
0.0000 0.0000 0.0000 0.0000 0.0000 0.0000 0.0000 0.0000 
-123.0000 -4.0000 -6.0000 0.0000 -9.0000 207.0000 -117.0000 202.5000 
0.0000 0.0000 0.0000 0.0000 0.0000 0.0000 0.0000 0.0000 
-123.0000 -4.0000 -6.0000 0.0000 -9.0000 207.0000 -117.0000 202.5000 
0.0000 0.0000 0.0000 0.0000 0.0000 0.0000 0.0000 0.0000 
-123.0000 -4.0000 -6.0000 0.0000 -9.0000 207.0000 -117.0000 202.5000 
0.0000 0.0000 0.0000 0.0000 0.0000 0.0000 0.0000 0.0000 
-61.5000 55.5000 71.5000 52.5000 97.0000 300.0000 -39.0000 303.0000 
0.0000 0.0000 0.0000 0.0000 0.0000 0.0000 0.0000 0.0000 
-7.0000 61.5000 133.0000 58.5000 164.5000 300.0000 31.5000 302.5000 
0.0000 0.0000 0.0000 0.0000 0.0000 0.0000 0.0000 0.0000 
144.2410 88.6536 272.2255 86.5187 291.7520 321.0119 169.6076 318.2568 
0.0000 0.0000 0.0000 0.0000 0.0000 0.0000 0.0000 0.0000 
201.7075 96.2185 327.3571 94.4759 337.6523 328.4584 215.9884 322.2069 
0.0000 0.0000 0.0000 0.0000 0.0000 0.0000 0.0000 0.0000 
277.3446 139.6880 399.8221 139.3568 405.8729 365.2622 288.3185 362.3691 
0.0000 0.0000 0.0000 0.0000 0.0000 0.0000 0.0000 0.0000 
362.5000 154.0000 481.0000 152.5000 490.0000 376.0000 376.0000 370.5000 
0.0000 0.0000 0.0000 0.0000 0.0000 0.0000 0.0000 0.0000 
445.6274 173.6582 561.1152 169.9985 565.8760 392.3273 451.9968 388.8351 
0.0000 0.0000 0.0000 0.0000 0.0000 0.0000 0.0000 0.0000 
453.0000 238.5000 567.0000 231.0000 577.5000 460.0000 460.5000 462.0000 
0.0000 0.0000 0.0000 0.0000 0.0000 0.0000 0.0000 0.0000 
472.5178 334.6153 586.6982 322.3427 603.6480 551.4938 486.4971 554.9776 
0.0000 0.0000 0.0000 0.0000 0.0000 0.0000 0.0000 0.0000 
514.5543 341.0831 630.7212 330.1865 644.0933 555.7794 529.3084 556.6686 
0.0000 0.0000 0.0000 0.0000 0.0000 0.0000 0.0000 0.0000 
503.2844 376.1726 620.2827 367.9298 629.8766 595.7295 509.9075 597.0272 
0.0000 0.0000 0.0000 0.0000 0.0000 0.0000 0.0000 0.0000 
511.2898 415.4749 626.2972 403.5272 633.9365 635.9443 514.8091 638.3246 
0.0000 0.0000 0.0000 0.0000 0.0000 0.0000 0.0000 0.0000 
508.1070 462.9093 623.8747 452.1826 636.6692 684.7012 513.2084 686.0137 
0.0000 0.0000 0.0000 0.0000 0.0000 0.0000 0.0000 0.0000 
502.8105 472.8554 619.9446 463.9736 630.6452 698.1650 506.6493 698.2061 
0.0000 0.0000 0.0000 0.0000 0.0000 0.0000 0.0000 0.0000 
502.6574 494.4950 621.6380 483.5565 632.3601 720.2263 507.1989 722.3201 
0.0000 0.0000 0.0000 0.0000 0.0000 0.0000 0.0000 0.0000 
490.1882 494.4905 610.0266 484.0096 616.3597 724.1686 490.4561 727.8260 
0.0000 0.0000 0.0000 0.0000 0.0000 0.0000 0.0000 0.0000 
459.7917 502.7981 583.9418 494.7226 587.6572 726.1533 461.1010 733.0313 
0.0000 0.0000 0.0000 0.0000 0.0000 0.0000 0.0000 0.0000 
475.5000 439.5000 595.5000 434.5000 604.0000 652.5000 482.5000 652.5000 
0.0000 0.0000 0.0000 0.0000 0.0000 0.0000 0.0000 0.0000 
489.2383 284.1891 610.6417 281.3726 609.0488 493.8820 488.3961 493.4927 
0.0000 0.0000 0.0000 0.0000 0.0000 0.0000 0.0000 0.0000 
382.9579 246.6181 512.3159 242.2732 506.3007 469.9449 380.0505 467.7702 
0.0000 0.0000 0.0000 0.0000 0.0000 0.0000 0.0000 0.0000 
